GeographySummary	GeographyVariant	GeographyNation	GeographyState	2017 NAICS code	Employment size of establishments code	Year	Number of establishments
040	0000	US	01	31-33	1	2017	4133
040	0000	US	01	31-33	100	2017	4101
040	0000	US	01	31-33	210	2017	1657
040	0000	US	01	31-33	215	2017	474
040	0000	US	01	31-33	220	2017	480
040	0000	US	01	31-33	225	2017	601
040	0000	US	01	31-33	230	2017	341
040	0000	US	01	31-33	235	2017	318
040	0000	US	01	31-33	240	2017	230
040	0000	US	01	31-33	500	2017	32
040	0000	US	02	31-33	1	2017	535
040	0000	US	02	31-33	100	2017	486
040	0000	US	02	31-33	210	2017	270
040	0000	US	02	31-33	215	2017	85
040	0000	US	02	31-33	220	2017	56
040	0000	US	02	31-33	225	2017	45
040	0000	US	02	31-33	230	2017	8
040	0000	US	02	31-33	235	2017	12
040	0000	US	02	31-33	240	2017	10
040	0000	US	02	31-33	500	2017	49
040	0000	US	04	31-33	1	2017	4343
040	0000	US	04	31-33	100	2017	4302
040	0000	US	04	31-33	210	2017	2057
040	0000	US	04	31-33	215	2017	598
040	0000	US	04	31-33	220	2017	562
040	0000	US	04	31-33	225	2017	549
040	0000	US	04	31-33	230	2017	279
040	0000	US	04	31-33	235	2017	168
040	0000	US	04	31-33	240	2017	89
040	0000	US	04	31-33	500	2017	41
040	0000	US	05	31-33	1	2017	2571
040	0000	US	05	31-33	100	2017	2543
040	0000	US	05	31-33	210	2017	1099
040	0000	US	05	31-33	215	2017	331
040	0000	US	05	31-33	220	2017	285
040	0000	US	05	31-33	225	2017	332
040	0000	US	05	31-33	230	2017	172
040	0000	US	05	31-33	235	2017	177
040	0000	US	05	31-33	240	2017	147
040	0000	US	05	31-33	500	2017	28
040	0000	US	06	31-33	1	2017	37887
040	0000	US	06	31-33	100	2017	37564
040	0000	US	06	31-33	210	2017	18437
040	0000	US	06	31-33	215	2017	5066
040	0000	US	06	31-33	220	2017	4701
040	0000	US	06	31-33	225	2017	4799
040	0000	US	06	31-33	230	2017	2214
040	0000	US	06	31-33	235	2017	1630
040	0000	US	06	31-33	240	2017	717
040	0000	US	06	31-33	500	2017	323
040	0000	US	08	31-33	1	2017	5111
040	0000	US	08	31-33	100	2017	5051
040	0000	US	08	31-33	210	2017	2674
040	0000	US	08	31-33	215	2017	697
040	0000	US	08	31-33	220	2017	623
040	0000	US	08	31-33	225	2017	595
040	0000	US	08	31-33	230	2017	235
040	0000	US	08	31-33	235	2017	154
040	0000	US	08	31-33	240	2017	73
040	0000	US	08	31-33	500	2017	60
040	0000	US	09	31-33	1	2017	3986
040	0000	US	09	31-33	100	2017	3950
040	0000	US	09	31-33	210	2017	1680
040	0000	US	09	31-33	215	2017	511
040	0000	US	09	31-33	220	2017	564
040	0000	US	09	31-33	225	2017	593
040	0000	US	09	31-33	230	2017	315
040	0000	US	09	31-33	235	2017	217
040	0000	US	09	31-33	240	2017	70
040	0000	US	09	31-33	500	2017	36
040	0000	US	10	31-33	1	2017	558
040	0000	US	10	31-33	100	2017	548
040	0000	US	10	31-33	210	2017	245
040	0000	US	10	31-33	215	2017	72
040	0000	US	10	31-33	220	2017	65
040	0000	US	10	31-33	225	2017	81
040	0000	US	10	31-33	230	2017	34
040	0000	US	10	31-33	235	2017	29
040	0000	US	10	31-33	240	2017	22
040	0000	US	10	31-33	500	2017	10
040	0000	US	11	31-33	1	2017	113
040	0000	US	11	31-33	100	2017	109
040	0000	US	11	31-33	210	2017	65
040	0000	US	11	31-33	215	2017	20
040	0000	US	11	31-33	220	2017	10
040	0000	US	11	31-33	225	2017	10
040	0000	US	11	31-33	230	2017	3
040	0000	US	11	31-33	500	2017	4
040	0000	US	12	31-33	1	2017	13471
040	0000	US	12	31-33	100	2017	13345
040	0000	US	12	31-33	210	2017	7810
040	0000	US	12	31-33	215	2017	1578
040	0000	US	12	31-33	220	2017	1476
040	0000	US	12	31-33	225	2017	1303
040	0000	US	12	31-33	230	2017	547
040	0000	US	12	31-33	235	2017	443
040	0000	US	12	31-33	240	2017	188
040	0000	US	12	31-33	500	2017	126
040	0000	US	13	31-33	1	2017	7510
040	0000	US	13	31-33	100	2017	7440
040	0000	US	13	31-33	210	2017	3197
040	0000	US	13	31-33	215	2017	903
040	0000	US	13	31-33	220	2017	895
040	0000	US	13	31-33	225	2017	1028
040	0000	US	13	31-33	230	2017	555
040	0000	US	13	31-33	235	2017	545
040	0000	US	13	31-33	240	2017	317
040	0000	US	13	31-33	500	2017	70
040	0000	US	15	31-33	1	2017	783
040	0000	US	15	31-33	100	2017	772
040	0000	US	15	31-33	210	2017	424
040	0000	US	15	31-33	215	2017	122
040	0000	US	15	31-33	220	2017	80
040	0000	US	15	31-33	225	2017	84
040	0000	US	15	31-33	230	2017	36
040	0000	US	15	31-33	235	2017	23
040	0000	US	15	31-33	240	2017	3
040	0000	US	15	31-33	500	2017	11
040	0000	US	16	31-33	1	2017	1877
040	0000	US	16	31-33	100	2017	1850
040	0000	US	16	31-33	210	2017	939
040	0000	US	16	31-33	215	2017	258
040	0000	US	16	31-33	220	2017	212
040	0000	US	16	31-33	225	2017	216
040	0000	US	16	31-33	230	2017	105
040	0000	US	16	31-33	235	2017	72
040	0000	US	16	31-33	240	2017	48
040	0000	US	16	31-33	500	2017	27
040	0000	US	17	31-33	1	2017	13162
040	0000	US	17	31-33	100	2017	13048
040	0000	US	17	31-33	210	2017	5479
040	0000	US	17	31-33	215	2017	1568
040	0000	US	17	31-33	220	2017	1721
040	0000	US	17	31-33	225	2017	1974
040	0000	US	17	31-33	230	2017	1090
040	0000	US	17	31-33	235	2017	833
040	0000	US	17	31-33	240	2017	383
040	0000	US	17	31-33	500	2017	114
040	0000	US	18	31-33	1	2017	8064
040	0000	US	18	31-33	100	2017	7984
040	0000	US	18	31-33	210	2017	2868
040	0000	US	18	31-33	215	2017	941
040	0000	US	18	31-33	220	2017	1017
040	0000	US	18	31-33	225	2017	1295
040	0000	US	18	31-33	230	2017	789
040	0000	US	18	31-33	235	2017	673
040	0000	US	18	31-33	240	2017	401
040	0000	US	18	31-33	500	2017	80
040	0000	US	19	31-33	1	2017	3489
040	0000	US	19	31-33	100	2017	3429
040	0000	US	19	31-33	210	2017	1374
040	0000	US	19	31-33	215	2017	394
040	0000	US	19	31-33	220	2017	440
040	0000	US	19	31-33	225	2017	503
040	0000	US	19	31-33	230	2017	290
040	0000	US	19	31-33	235	2017	252
040	0000	US	19	31-33	240	2017	176
040	0000	US	19	31-33	500	2017	60
040	0000	US	20	31-33	1	2017	2760
040	0000	US	20	31-33	100	2017	2736
040	0000	US	20	31-33	210	2017	1061
040	0000	US	20	31-33	215	2017	350
040	0000	US	20	31-33	220	2017	353
040	0000	US	20	31-33	225	2017	435
040	0000	US	20	31-33	230	2017	237
040	0000	US	20	31-33	235	2017	192
040	0000	US	20	31-33	240	2017	108
040	0000	US	20	31-33	500	2017	24
040	0000	US	21	31-33	1	2017	3699
040	0000	US	21	31-33	100	2017	3624
040	0000	US	21	31-33	210	2017	1349
040	0000	US	21	31-33	215	2017	422
040	0000	US	21	31-33	220	2017	464
040	0000	US	21	31-33	225	2017	514
040	0000	US	21	31-33	230	2017	346
040	0000	US	21	31-33	235	2017	310
040	0000	US	21	31-33	240	2017	219
040	0000	US	21	31-33	500	2017	75
040	0000	US	22	31-33	1	2017	3190
040	0000	US	22	31-33	100	2017	3157
040	0000	US	22	31-33	210	2017	1337
040	0000	US	22	31-33	215	2017	449
040	0000	US	22	31-33	220	2017	449
040	0000	US	22	31-33	225	2017	437
040	0000	US	22	31-33	230	2017	212
040	0000	US	22	31-33	235	2017	175
040	0000	US	22	31-33	240	2017	98
040	0000	US	22	31-33	500	2017	33
040	0000	US	23	31-33	1	2017	1691
040	0000	US	23	31-33	100	2017	1670
040	0000	US	23	31-33	210	2017	869
040	0000	US	23	31-33	215	2017	242
040	0000	US	23	31-33	220	2017	188
040	0000	US	23	31-33	225	2017	174
040	0000	US	23	31-33	230	2017	98
040	0000	US	23	31-33	235	2017	62
040	0000	US	23	31-33	240	2017	37
040	0000	US	23	31-33	500	2017	21
040	0000	US	24	31-33	1	2017	2967
040	0000	US	24	31-33	100	2017	2922
040	0000	US	24	31-33	210	2017	1367
040	0000	US	24	31-33	215	2017	404
040	0000	US	24	31-33	220	2017	384
040	0000	US	24	31-33	225	2017	371
040	0000	US	24	31-33	230	2017	189
040	0000	US	24	31-33	235	2017	144
040	0000	US	24	31-33	240	2017	63
040	0000	US	24	31-33	500	2017	45
040	0000	US	25	31-33	1	2017	6437
040	0000	US	25	31-33	100	2017	6372
040	0000	US	25	31-33	210	2017	2686
040	0000	US	25	31-33	215	2017	863
040	0000	US	25	31-33	220	2017	828
040	0000	US	25	31-33	225	2017	1008
040	0000	US	25	31-33	230	2017	486
040	0000	US	25	31-33	235	2017	347
040	0000	US	25	31-33	240	2017	154
040	0000	US	25	31-33	500	2017	65
040	0000	US	26	31-33	1	2017	12418
040	0000	US	26	31-33	100	2017	12301
040	0000	US	26	31-33	210	2017	4889
040	0000	US	26	31-33	215	2017	1508
040	0000	US	26	31-33	220	2017	1668
040	0000	US	26	31-33	225	2017	1896
040	0000	US	26	31-33	230	2017	1043
040	0000	US	26	31-33	235	2017	857
040	0000	US	26	31-33	240	2017	440
040	0000	US	26	31-33	500	2017	117
040	0000	US	27	31-33	1	2017	7198
040	0000	US	27	31-33	100	2017	7099
040	0000	US	27	31-33	210	2017	3071
040	0000	US	27	31-33	215	2017	796
040	0000	US	27	31-33	220	2017	925
040	0000	US	27	31-33	225	2017	1065
040	0000	US	27	31-33	230	2017	560
040	0000	US	27	31-33	235	2017	439
040	0000	US	27	31-33	240	2017	243
040	0000	US	27	31-33	500	2017	99
040	0000	US	28	31-33	1	2017	2142
040	0000	US	28	31-33	100	2017	2120
040	0000	US	28	31-33	210	2017	863
040	0000	US	28	31-33	215	2017	237
040	0000	US	28	31-33	220	2017	237
040	0000	US	28	31-33	225	2017	297
040	0000	US	28	31-33	230	2017	195
040	0000	US	28	31-33	235	2017	191
040	0000	US	28	31-33	240	2017	100
040	0000	US	28	31-33	500	2017	22
040	0000	US	29	31-33	1	2017	5797
040	0000	US	29	31-33	100	2017	5745
040	0000	US	29	31-33	210	2017	2597
040	0000	US	29	31-33	215	2017	678
040	0000	US	29	31-33	220	2017	726
040	0000	US	29	31-33	225	2017	790
040	0000	US	29	31-33	230	2017	400
040	0000	US	29	31-33	235	2017	354
040	0000	US	29	31-33	240	2017	200
040	0000	US	29	31-33	500	2017	52
040	0000	US	30	31-33	1	2017	1328
040	0000	US	30	31-33	100	2017	1307
040	0000	US	30	31-33	210	2017	740
040	0000	US	30	31-33	215	2017	197
040	0000	US	30	31-33	220	2017	171
040	0000	US	30	31-33	225	2017	126
040	0000	US	30	31-33	230	2017	37
040	0000	US	30	31-33	235	2017	31
040	0000	US	30	31-33	240	2017	5
040	0000	US	30	31-33	500	2017	21
040	0000	US	31	31-33	1	2017	1760
040	0000	US	31	31-33	100	2017	1747
040	0000	US	31	31-33	210	2017	748
040	0000	US	31	31-33	215	2017	217
040	0000	US	31	31-33	220	2017	207
040	0000	US	31	31-33	225	2017	259
040	0000	US	31	31-33	230	2017	134
040	0000	US	31	31-33	235	2017	104
040	0000	US	31	31-33	240	2017	78
040	0000	US	31	31-33	500	2017	13
040	0000	US	32	31-33	1	2017	1828
040	0000	US	32	31-33	100	2017	1804
040	0000	US	32	31-33	210	2017	854
040	0000	US	32	31-33	215	2017	268
040	0000	US	32	31-33	220	2017	231
040	0000	US	32	31-33	225	2017	251
040	0000	US	32	31-33	230	2017	107
040	0000	US	32	31-33	235	2017	78
040	0000	US	32	31-33	240	2017	15
040	0000	US	32	31-33	500	2017	24
040	0000	US	33	31-33	1	2017	1790
040	0000	US	33	31-33	100	2017	1772
040	0000	US	33	31-33	210	2017	753
040	0000	US	33	31-33	215	2017	232
040	0000	US	33	31-33	220	2017	235
040	0000	US	33	31-33	225	2017	261
040	0000	US	33	31-33	230	2017	149
040	0000	US	33	31-33	235	2017	92
040	0000	US	33	31-33	240	2017	50
040	0000	US	33	31-33	500	2017	18
040	0000	US	34	31-33	1	2017	7332
040	0000	US	34	31-33	100	2017	7252
040	0000	US	34	31-33	210	2017	3265
040	0000	US	34	31-33	215	2017	969
040	0000	US	34	31-33	220	2017	908
040	0000	US	34	31-33	225	2017	1101
040	0000	US	34	31-33	230	2017	529
040	0000	US	34	31-33	235	2017	352
040	0000	US	34	31-33	240	2017	128
040	0000	US	34	31-33	500	2017	80
040	0000	US	35	31-33	1	2017	1332
040	0000	US	35	31-33	100	2017	1310
040	0000	US	35	31-33	210	2017	709
040	0000	US	35	31-33	215	2017	209
040	0000	US	35	31-33	220	2017	174
040	0000	US	35	31-33	225	2017	135
040	0000	US	35	31-33	230	2017	39
040	0000	US	35	31-33	235	2017	29
040	0000	US	35	31-33	240	2017	15
040	0000	US	35	31-33	500	2017	22
040	0000	US	36	31-33	1	2017	15499
040	0000	US	36	31-33	100	2017	15358
040	0000	US	36	31-33	210	2017	8052
040	0000	US	36	31-33	215	2017	1878
040	0000	US	36	31-33	220	2017	1816
040	0000	US	36	31-33	225	2017	1893
040	0000	US	36	31-33	230	2017	859
040	0000	US	36	31-33	235	2017	569
040	0000	US	36	31-33	240	2017	291
040	0000	US	36	31-33	500	2017	141
040	0000	US	37	31-33	1	2017	8834
040	0000	US	37	31-33	100	2017	8745
040	0000	US	37	31-33	210	2017	3774
040	0000	US	37	31-33	215	2017	1027
040	0000	US	37	31-33	220	2017	1012
040	0000	US	37	31-33	225	2017	1231
040	0000	US	37	31-33	230	2017	725
040	0000	US	37	31-33	235	2017	625
040	0000	US	37	31-33	240	2017	351
040	0000	US	37	31-33	500	2017	89
040	0000	US	38	31-33	1	2017	701
040	0000	US	38	31-33	100	2017	694
040	0000	US	38	31-33	210	2017	306
040	0000	US	38	31-33	215	2017	84
040	0000	US	38	31-33	220	2017	113
040	0000	US	38	31-33	225	2017	90
040	0000	US	38	31-33	230	2017	43
040	0000	US	38	31-33	235	2017	43
040	0000	US	38	31-33	240	2017	15
040	0000	US	38	31-33	500	2017	7
040	0000	US	39	31-33	1	2017	13922
040	0000	US	39	31-33	100	2017	13784
040	0000	US	39	31-33	210	2017	5243
040	0000	US	39	31-33	215	2017	1678
040	0000	US	39	31-33	220	2017	1891
040	0000	US	39	31-33	225	2017	2247
040	0000	US	39	31-33	230	2017	1248
040	0000	US	39	31-33	235	2017	976
040	0000	US	39	31-33	240	2017	501
040	0000	US	39	31-33	500	2017	138
040	0000	US	40	31-33	1	2017	3376
040	0000	US	40	31-33	100	2017	3342
040	0000	US	40	31-33	210	2017	1486
040	0000	US	40	31-33	215	2017	442
040	0000	US	40	31-33	220	2017	464
040	0000	US	40	31-33	225	2017	456
040	0000	US	40	31-33	230	2017	223
040	0000	US	40	31-33	235	2017	174
040	0000	US	40	31-33	240	2017	97
040	0000	US	40	31-33	500	2017	34
040	0000	US	41	31-33	1	2017	5557
040	0000	US	41	31-33	100	2017	5499
040	0000	US	41	31-33	210	2017	2796
040	0000	US	41	31-33	215	2017	648
040	0000	US	41	31-33	220	2017	660
040	0000	US	41	31-33	225	2017	694
040	0000	US	41	31-33	230	2017	321
040	0000	US	41	31-33	235	2017	267
040	0000	US	41	31-33	240	2017	113
040	0000	US	41	31-33	500	2017	58
040	0000	US	42	31-33	1	2017	13537
040	0000	US	42	31-33	100	2017	13391
040	0000	US	42	31-33	210	2017	5537
040	0000	US	42	31-33	215	2017	1624
040	0000	US	42	31-33	220	2017	1818
040	0000	US	42	31-33	225	2017	2071
040	0000	US	42	31-33	230	2017	1071
040	0000	US	42	31-33	235	2017	876
040	0000	US	42	31-33	240	2017	394
040	0000	US	42	31-33	500	2017	146
040	0000	US	44	31-33	1	2017	1340
040	0000	US	44	31-33	100	2017	1328
040	0000	US	44	31-33	210	2017	587
040	0000	US	44	31-33	215	2017	177
040	0000	US	44	31-33	220	2017	185
040	0000	US	44	31-33	225	2017	209
040	0000	US	44	31-33	230	2017	96
040	0000	US	44	31-33	235	2017	53
040	0000	US	44	31-33	240	2017	21
040	0000	US	44	31-33	500	2017	12
040	0000	US	45	31-33	1	2017	3827
040	0000	US	45	31-33	100	2017	3791
040	0000	US	45	31-33	210	2017	1437
040	0000	US	45	31-33	215	2017	425
040	0000	US	45	31-33	220	2017	523
040	0000	US	45	31-33	225	2017	570
040	0000	US	45	31-33	230	2017	313
040	0000	US	45	31-33	235	2017	331
040	0000	US	45	31-33	240	2017	192
040	0000	US	45	31-33	500	2017	36
040	0000	US	46	31-33	1	2017	1051
040	0000	US	46	31-33	100	2017	1043
040	0000	US	46	31-33	210	2017	480
040	0000	US	46	31-33	215	2017	131
040	0000	US	46	31-33	220	2017	130
040	0000	US	46	31-33	225	2017	132
040	0000	US	46	31-33	230	2017	80
040	0000	US	46	31-33	235	2017	54
040	0000	US	46	31-33	240	2017	36
040	0000	US	46	31-33	500	2017	8
040	0000	US	47	31-33	1	2017	5811
040	0000	US	47	31-33	100	2017	5746
040	0000	US	47	31-33	210	2017	2372
040	0000	US	47	31-33	215	2017	661
040	0000	US	47	31-33	220	2017	715
040	0000	US	47	31-33	225	2017	816
040	0000	US	47	31-33	230	2017	461
040	0000	US	47	31-33	235	2017	440
040	0000	US	47	31-33	240	2017	281
040	0000	US	47	31-33	500	2017	65
040	0000	US	48	31-33	1	2017	19844
040	0000	US	48	31-33	100	2017	19666
040	0000	US	48	31-33	210	2017	8738
040	0000	US	48	31-33	215	2017	2527
040	0000	US	48	31-33	220	2017	2493
040	0000	US	48	31-33	225	2017	2942
040	0000	US	48	31-33	230	2017	1369
040	0000	US	48	31-33	235	2017	1079
040	0000	US	48	31-33	240	2017	518
040	0000	US	48	31-33	500	2017	178
040	0000	US	49	31-33	1	2017	3377
040	0000	US	49	31-33	100	2017	3345
040	0000	US	49	31-33	210	2017	1632
040	0000	US	49	31-33	215	2017	422
040	0000	US	49	31-33	220	2017	429
040	0000	US	49	31-33	225	2017	423
040	0000	US	49	31-33	230	2017	201
040	0000	US	49	31-33	235	2017	143
040	0000	US	49	31-33	240	2017	95
040	0000	US	49	31-33	500	2017	32
040	0000	US	50	31-33	1	2017	1033
040	0000	US	50	31-33	100	2017	1020
040	0000	US	50	31-33	210	2017	525
040	0000	US	50	31-33	215	2017	130
040	0000	US	50	31-33	220	2017	113
040	0000	US	50	31-33	225	2017	127
040	0000	US	50	31-33	230	2017	59
040	0000	US	50	31-33	235	2017	49
040	0000	US	50	31-33	240	2017	17
040	0000	US	50	31-33	500	2017	13
040	0000	US	51	31-33	1	2017	5038
040	0000	US	51	31-33	100	2017	4982
040	0000	US	51	31-33	210	2017	2235
040	0000	US	51	31-33	215	2017	646
040	0000	US	51	31-33	220	2017	626
040	0000	US	51	31-33	225	2017	691
040	0000	US	51	31-33	230	2017	322
040	0000	US	51	31-33	235	2017	269
040	0000	US	51	31-33	240	2017	193
040	0000	US	51	31-33	500	2017	56
040	0000	US	53	31-33	1	2017	7017
040	0000	US	53	31-33	100	2017	6933
040	0000	US	53	31-33	210	2017	3381
040	0000	US	53	31-33	215	2017	893
040	0000	US	53	31-33	220	2017	876
040	0000	US	53	31-33	225	2017	844
040	0000	US	53	31-33	230	2017	458
040	0000	US	53	31-33	235	2017	331
040	0000	US	53	31-33	240	2017	150
040	0000	US	53	31-33	500	2017	84
040	0000	US	54	31-33	1	2017	1142
040	0000	US	54	31-33	100	2017	1119
040	0000	US	54	31-33	210	2017	469
040	0000	US	54	31-33	215	2017	146
040	0000	US	54	31-33	220	2017	149
040	0000	US	54	31-33	225	2017	170
040	0000	US	54	31-33	230	2017	89
040	0000	US	54	31-33	235	2017	65
040	0000	US	54	31-33	240	2017	31
040	0000	US	54	31-33	500	2017	23
040	0000	US	55	31-33	1	2017	8837
040	0000	US	55	31-33	100	2017	8726
040	0000	US	55	31-33	210	2017	3166
040	0000	US	55	31-33	215	2017	1017
040	0000	US	55	31-33	220	2017	1086
040	0000	US	55	31-33	225	2017	1452
040	0000	US	55	31-33	230	2017	869
040	0000	US	55	31-33	235	2017	763
040	0000	US	55	31-33	240	2017	373
040	0000	US	55	31-33	500	2017	111
040	0000	US	56	31-33	1	2017	581
040	0000	US	56	31-33	100	2017	570
040	0000	US	56	31-33	210	2017	323
040	0000	US	56	31-33	215	2017	100
040	0000	US	56	31-33	220	2017	61
040	0000	US	56	31-33	225	2017	51
040	0000	US	56	31-33	230	2017	14
040	0000	US	56	31-33	235	2017	17
040	0000	US	56	31-33	240	2017	4
040	0000	US	56	31-33	500	2017	11
010	0000	US		31-33	1	2017	291586
010	0000	US		31-33	100	2017	288542
010	0000	US		31-33	210	2017	129972
010	0000	US		31-33	215	2017	36315
010	0000	US		31-33	220	2017	36495
010	0000	US		31-33	225	2017	40237
010	0000	US		31-33	230	2017	20595
010	0000	US		31-33	235	2017	16428
010	0000	US		31-33	240	2017	8500
010	0000	US		31-33	500	2017	3044